-0.023794
-0.026658
-0.026658
-0.013783
-0.006636
-0.006636
-0.016647
-0.013783
-0.013783
-0.010919
-0.020930
-0.013783
-0.013783
-0.016647
-0.026658
-0.023794
-0.026658
-0.023794
-0.026658
-0.013783
-0.016647
-0.016647
-0.016647
-0.016647
-0.023794
-0.023794
-0.023794
-0.026658
-0.023794
-0.023794
-0.023794
-0.023794
-0.026658
-0.033804
-0.013783
-0.016647
-0.016647
-0.016647
-0.016647
-0.026658
-0.016647
-0.013783
-0.016647
-0.023794
0.105412
-0.020930
-0.020930
0.224608
0.122570
0.112559
-0.023794
-0.016647
-0.016647
-0.023794
-0.009500
-0.013783
0.088255
-0.033804
-0.023794
-0.023794
-0.016647
-0.003772
-0.033804
-0.033804
-0.023794
-0.013783
-0.026658
-0.023794
-0.023794
-0.030940
-0.023794
-0.020930
-0.013783
-0.013783
-0.023794
-0.013783
-0.006636
0.102548
0.231754
0.167434
0.010521
0.034311
0.393572
0.418726
0.432452
0.432452
0.432452
0.432452
0.432452
0.432452
0.432452
0.432452
0.432452
0.432452
0.432452
0.432452
0.432452
0.432452
